7501175011X
3
75013
25031
5
50033
75017
7
25033
25037
11
50047
75029
25057
75037
50051
13
25073
75041
50053
25087
75079
50069
50077
25097
75083
17
50087
25111
75109
19
25117
50093
23
25121
75133
29
31
25127
75149
75161
37
41
75167
75169
25147
25153
43
47
25163
50101
50111
25169
25171
53
50119
75181
75193
75209
50123
50129
59
75211
25183
50131
50147
75217
25189
61
50153
75223
25219
67
50159
75227
25229
25237
71
75239
25243
73
79
25247
50177
83
75253
25253
50207
50221
75269
25261
25301
50227
75277
89
50231
253037501175011X
3
75013
25031
5
50033
75017
7
25033
25037
11
50047
75029
25057
75037
50051
13
25073
75041
50053
25087
75079
50069
50077
25097
75083
17
50087
25111
75109
19
25117
50093
23
25121
75133
29
31
25127
75149
75161
37
41
75167
75169
25147
25153
43
47
25163
50101
50111
25169
25171
53
50119
75181
75193
75209
50123
50129
59
75211
25183
50131
50147
75217
25189
61
50153
75223
25219
67
50159
75227
25229
25237
71
75239
25243
73
79
25247
50177
83
75253
25253
50207
50221
75269
25261
25301
50227
75277
89
50231
25303
501175011X
3
75013
25031
5
50033
75017
7
25033
25037
11
50047
75029
25057
75037
50051
13
25073
75041
50053
25087
75079
50069
50077
25097
75083
17
50087
25111
75109
19
25117
50093
23
25121
75133
29
31
25127
75149
75161
37
41
75167
75169
25147
25153
43
47
25163
50101
50111
25169
25171
53
50119
75181
75193
75209
50123
50129
59
75211
25183
50131
50147
75217
25189
61
50153
75223
25219
67
50159
75227
25229
25237
71
75239
25243
73
79
25247
50177
83
75253
25253
50207
50221
75269
25261
25301
50227
75277
89
50231
25303
501175011X
3
75013
25031
5
50033
75017
7
25033
25037
11
50047
75029
25057
75037
50051
13
25073
75041
50053
25087
75079
50069
50077
25097
75083
17
50087
25111
75109
19
25117
50093
23
25121
75133
29
31
25127
75149
75161
37
41
75167
75169
25147
25153
43
47
25163
50101
50111
25169
25171
53
50119
75181
75193
75209
50123
50129
59
75211
25183
50131
50147
75217
25189
61
50153
75223
25219
67
50159
75227
25229
25237
71
75239
25243
73
79
25247
50177
83
75253
25253
50207
50221
75269
25261
25301
50227
75277
89
50231
25303
25307
50263
25309
75307
50273
101
103
107
109
75323
50287
25321
113
75329
25339
127
131
137
139
50291
50311
50321
75337
25343
25349
50329
149
151
157
25357
25367
163
167
50333
75347
173
25373
50341
50359
50363
179
181
75353
25391
191
75367
50377
25409
25411
75377
193
197
199
211
25423
25439
75389
223
50383
25447
25453
50387
75391
25457
50411
50417
50423
50441
227
229
233
75401
50459
25463
75403
239
241
75407
50461
50497
75431
25469
25471
50503
50513
25523
75437
50527
25537
25541
25561
50539
50543
75479
25577
25579
50549
75503
251
257
50551
25583
75511
50581
25589
25601
263
75521
50587
25603
75527
50591
25609
75533
50593
50599
50627
269
271
75539
25621
25633
25639
25643
25657
25667
25673
25679
25693
25703
25717
25733
25741
25747
25759
25763
25771
25793
25799
25801
25819
25841
25847
25849
25867
25873
25889
25903
25913
25919
25931
50647
50651
50671
50683
50707
25933
277
281
283
25939
50723
293
75541
25943
50741
307
311
313
317
75553
75557
331
25951
50753
75571
337
25969
50767
75577
347
25981
75583
50773
50777
50789
50821
50833
25997
75611
349
353
25999
75617
75619
359
26003
50839
75629
367
26017
75641
373
50849
26021
75653
379
383
26029
75659
389
50857
50867
26041
397
401
409
26053
26083
26099
419
75679
75683
75689
75703
50873
50891
50893
421
431
50909
75707
26107
26111
50923
433
75709
50929
26113
439
75721
50951
26119
75731
50957
50969
26141
75743
443
449
457
50971
75767
461
463
467
75773
26153
26161
26171
75781
479
487
491
75787
75793
50989
50993
51001
75797
499
26177
75821
51031
51043
51047
51059
26183
503
509
51061
51071
75833
521
523
26189
75853
51109
51131
26203
75869
541
547
557
51133
26209
26227
51137
51151
51157
51169
51193
563
569
571
51197
26237
75883
577
587
26249
75913
51199
593
599
75931
51203
26251
601
75937
51217
51229
51239
51241
51257
51263
51283
51287
607
75941
75967
51307
613
617
51329
26261
75979
75983
26263
51341
75989
75991
26267
26293
26297
75997
76001
619
26309
51343
76003
76031
26317
51347
631
641
26321
51349
51361
643
647
76039
76079
26339
26347
26357
26371
51383
76081
76091
76099
76103
653
51407
51413
51419
76123
659
26387
76129
661
26393
26399
673
677
683
691
701
51421
26407
76147
76157
76159
26417
709
719
727
733
76163
26423
51427
76207
26431
51431
739
26437
76213
51437
26449
743
751
757
51439
51449
26459
26479
26489
26497
26501
26513
26539
26557
26561
26573
26591
26597
26627
26633
26641
26647
26669
26681
26683
26687
761
769
773
51461
51473
51479
51481
51487
51503
51511
51517
51521
51539
51551
51563
51577
51581
51593
51599
51607
787
797
809
811
821
823
827
829
76231
26693
26699
51613
51631
51637
26701
26711
26713
26717
26723
26729
51647
76243
76249
76253
839
26731
853
857
859
863
877
881
883
76259
76261
76283
76289
76303
76333
76343
76367
76369
76379
76387
76403
76421
76423
76441
76463
76471
76481
76487
76493
76507
51659
51673
51679
51683
51691
51713
51719
51721
26737
887
51749
26759
76511
76519
76537
51767
51769
26777
76541
907
26783
76543
76561
76579
76597
76603
76607
76631
76649
76651
76667
76673
76679
76697
76717
76733
76753
76757
911
919
26801
76771
76777
929
937
76781
76801
76819
76829
76831
76837
76847
76871
76873
76883
51787
51797
51803
51817
26813
76907
76913
76919
76943
26821
26833
76949
76961
76963
26839
26849
51827
76991
941
26861
77003
947
26863
26879
51829
77017
77023
953
967
971
977
51839
26881
26891
26893
26903
26921
26927
26947
26951
51853
983
991
997
51859
77029
77041
26953
26959
26981
51869
77047
51871
51893
51899
51907
51913
51929
51941
51949
51971
51973
51977
51991
52009
52021
52027
26987
26993
27011
52051
52057
52067
1009
52069
52081
52103
52121
52127
52147
52153
52163
52177
52181
52183
52189
52201
52223
52237
27017
27031
1013
52249
52253
52259
27043
27059
27061
27067
77069
52267
52289
52291
77081
52301
52313
77093
77101
27073
27077
1019
77137
52321
52361
77141
27091
1021
52363
52369
27103
77153
52379
1031
1033
1039
1049
27107
27109
52387
77167
27127
1051
1061
1063
27143
77171
77191
52391
1069
77201
27179
1087
27191
77213
52433
52453
77237
1091
27197
27211
27239
27241
27253
77239
77243
52457
27259
52489
52501
52511
77249
27271
52517
77261
1093
1097
52529
27277
27281
77263
52541
1103
1109
1117
52543
1123
52553
27283
77267
1129
1151
1153
1163
27299
77269
52561
52567
77279
1171
52571
77291
27329
27337
27361
77317
77323
77339
1181
1187
1193
1201
1213
27367
52579
27397
27407
27409
1217
77347
27427
52583
52609
52627
27431
77351
77359
77369
27437
27449
27457
77377
77383
77417
27479
52631
77419
27481
27487
27509
27527
27529
27539
1223
52639
52667
52673
52691
52697
52709
52711
52721
52727
52733
52747
52757
52769
52783
52807
52813
77431
27541
27551
27581
27583
27611
27617
27631
27647
27653
27673
27689
1229
52817
77447
27691
27697
52837
77471
27701
27733
27737
77477
77479
77489
77491
52859
52861
27739
1231
27743
1237
27749
27751
27763
27767
27773
27779
27791
27793
27799
27803
27809
1249
1259
1277
27817
52879
52883
52889
27823
1279
1283
1289
27827
27847
27851
27883
27893
27901
27917
27919
52901
1291
1297
27941
52903
52919
52937
52951
52957
52963
52967
77509
1301
27943
27947
77513
77521
77527
27953
1303
1307
27961
27967
27983
52973
52981
52999
53003
53017
53047
53051
53069
53077
53087
53089
53093
53101
53113
1319
1321
1327
1361
1367
1373
1381
27997
28001
28019
28027
28031
28051
28057
28069
28081
1399
77543
77549
77551
77557
77563
28087
28097
77569
1409
1423
28099
77573
77587
28109
28111
28123
77591
53117
53129
77611
77617
77621
77641
77647
28151
28163
77659
77681
1427
1429
1433
77687
77689
53147
53149
53161
28181
77699
77711
53171
28183
28201
28211
28219
1439
53173
53189
77713
28229
28277
1447
1451
1453
1459
1471
1481
53197
53201
77719
28279
28283
28289
77723
1483
28297
28307
28309
28319
53231
53233
1487
1489
53239
53267
77731
28349
28351
1493
53269
53279
53281
1499
77743
53299
53309
77747
77761
77773
77783
77797
1511
28387
28393
28403
28409
28411
28429
28433
28439
28447
28463
28477
77801
53323
28493
28499
28513
53327
77813
77839
77849
53353
1523
1531
1543
1549
53359
77863
1553
1559
1567
1571
53377
28517
28537
28541
53381
1579
1583
1597
77867
28547
1601
77893
28549
1607
77899
28559
1609
77929
53401
1613
77933
28571
1619
1621
1627
28573
77951
77969
77977
77983
1637
1657
53407
77999
78007
78017
1663
53411
53419
53437
1667
1669
1693
53441
53453
1697
28579
28591
1699
78031
78041
1709
53479
28597
1721
53503
78049
1723
53507
53527
1733
28603
78059
78079
78101
78121
78137
78139
78157
78163
78167
78173
78179
78191
78193
78203
78229
78233
78241
78259
78277
78283
78301
1741
1747
1753
1759
1777
1783
28607
28619
28621
1787
1789
1801
1811
1823
1831
1847
1861
1867
1871
1873
1877
1879
1889
1901
1907
1913
1931
1933
1949
1951
1973
1979
1987
28627
53549
53551
53569
53591
53593
53597
53609
53611
78307
78311
78317
78341
78347
78367
78401
28631
1993
28643
78427
1997
28649
78437
78437
28657
2003
2011
78439
78467
78479
78487
78497
78509
78511
78517
78539
78541
78553
78569
78571
78577
78583
78593
78607
78623
78643
78649
78653
78691
28661
78697
78707
78713
78721
78737
78779
2017
78781
78787
78791
78797
78803
78809
78823
78839
78853
78857
78877
78887
78889
78893
78901
78919
78929
78941
78977
78979
78989
79031
79039
79043
79063
79087
79103
79111
79133
79139
79147
79151
79153
79159
79181
79187
79193
79201
79229
79231
79241
79259
79273
79279
79283
79301
79309
79319
79333
79337
79349
79357
79367
79379
79393
79397
79399
79411
79423
79427
79433
79451
79481
79493
2027
53617
28663
79531
79537
79549
28669
53623
28687
79559
79561
79579
53629
28697
28703
28711
53633
53639
28723
28729
79589
53653
2029
2039
2053
28751
53657
53681
79601
79609
53693
28753
28759
53699
2063
28771
28789
79613
53717
53719
2069
28793
28807
79621
53731
53759
53773
53777
53783
2081
2083
2087
28813
28817
28837
28843
79627
79631
79633
79657
79669
79687
28859
2089
2099
28867
28871
2111
2113
53791
2129
2131
79691
28879
53813
53819
79693
2137
2141
2143
2153
2161
2179
53831
28901
2203
2207
79697
53849
53857
28909
28921
28927
28933
53861
79699
79757
53881
53887
53891
79769
79777
79801
2213
2221
2237
2239
28949
28961
28979
29009
29017
2243
53897
53899
2251
2267
2269
2273
53917
79811
29021
53923
79813
2281
29023
29027
79817
79823
53927
2287
2293
29033
29059
79829
79841
53939
53951
2297
2309
53959
79843
29063
29077
29101
79847
53987
53993
2311
2333
29123
54001
79861
29129
29131
2339
54011
54013
54037
79867
79873
54049
2341
29137
29147
29153
29167
79889
79901
29173
29179
79903
79907
54059
54083
79939
29191
29201
2347
2351
29207
79943
54091
2357
29209
29221
29231
29243
79967
54101
2371
2377
2381
29251
29269
2383
54121
54133
54139
2389
29287
79973
54151
54163
54167
2393
2399
79979
29297
54181
54193
2411
29303
79987
2417
29311
29327
79997
29333
79999
54217
29339
80021
54251
2423
29347
80039
29363
29383
29387
29389
29399
29401
29411
29423
29429
29437
29443
29453
29473
29483
29501
29527
29531
29537
29567
29569
29573
29581
29587
29599
29611
29629
29633
29641
29663
29669
29671
29683
29717
29723
29741
29753
29759
29761
29789
29803
29819
29833
29837
29851
29863
29867
29873
29879
29881
29917
29921
29927
29947
29959
29983
29989
30011
30013
30029
30047
30059
30071
30089
30091
30097
30103
30109
30113
30119
30133
30137
30139
30161
30169
30181
30187
30197
30203
30211
30223
30241
30253
30259
30269
30271
30293
30307
30313
30319
30323
30341
30347
30367
30389
30391
30403
30427
30431
30449
30467
30469
30491
30493
30497
30509
30517
30529
30539
30553
30557
30559
30577
30593
30631
30637
30643
30649
30661
30671
30677
30689
30697
30703
30707
30713
30727
30757
30763
30773
30781
30803
30809
30817
30829
30839
30841
30851
30853
30859
30869
30871
30881
30893
30911
30931
30937
30941
30949
30971
30977
30983
31013
31019
31033
31039
31051
31063
31069
31079
31081
31091
31121
31123
31139
31147
31151
31153
31159
31177
31181
31183
31189
31193
31219
31223
31231
31237
31247
31249
31253
31259
31267
31271
31277
31307
31319
31321
31327
31333
31337
31357
31379
31387
31391
31393
31397
31469
31477
31481
31489
31511
31513
31517
31531
31541
31543
31547
31567
31573
31583
31601
31607
31627
31643
31649
31657
31663
31667
31687
31699
31721
31723
31727
31729
31741
31751
31769
31771
31793
31799
31817
31847
31849
31859
31873
31883
31891
31907
31957
31963
54269
2437
2441
2447
2459
2467
2473
54277
80051
31973
31981
80071
80077
80107
80111
80141
2477
31991
32003
54287
80147
80149
80153
54293
54311
32009
32027
32029
32051
32057
32059
32063
32069
32077
32083
54319
80167
2503
32089
54323
54331
2521
80173
80177
32099
32117
80191
2531
32119
80207
54347
2539
32141
32143
2543
2549
2551
54361
32159
32173
2557
54367
80209
2579
32183
54371
80221
80231
2591
32189
32191
2593
80233
80239
54377
54401
2609
80251
80263
80273
80279
80287
54403
2617
2621
2633
2647
32203
54409
54413
80309
2657
2659
2663
54419
54421
2671
32213
54437
54443
80317
2677
2683
32233
32237
2687
2689
2693
32251
32257
2699
80329
54449
54469
54493
54497
54499
54503
32261
2707
2711
2713
80341
80347
54517
54521
32297
2719
2729
2731
32299
54539
80363
32303
54541
54547
32309
2741
80369
54559
32321
2749
80387
32323
2753
2767
32327
80407
80429
54563
32341
54577
32353
80447
2777
80449
2789
32359
32363
54581
54583
32369
2791
2797
2801
32371
80471
80473
2803
2819
2833
2837
32377
54601
80489
2843
32381
54617
80491
32401
2851
80513
54623
54629
54631
80527
80537
54647
2857
32411
54667
80557
2861
32413
54673
80567
2879
32423
80599
2887
2897
2903
2909
2917
2927
2939
2953
32429
32441
54679
80603
2957
2963
2969
80611
54709
54713
80621
80627
32443
80629
32467
2971
54721
80651
32479
2999
54727
54751
80657
32491
3001
80669
32497
54767
54773
54779
32503
80671
80677
3011
32507
54787
54799
3019
32531
32533
3023
54829
32537
80681
3037
32561
80683
80687
3041
54833
54851
32563
3049
80701
54869
32569
3061
3067
54877
54881
54907
54917
32573
80713
3079
54919
32579
3083
54941
54949
32587
80737
80747
3089
54959
32603
3109
54973
54979
3119
80749
54983
55001
55009
32609
80761
3121
55021
80777
3137
32611
80779
80783
55049
3163
80789
32621
32633
32647
32653
32687
80803
80809
80819
80831
55051
3167
32693
32707
32713
32717
32719
32749
32771
32779
3169
3181
3187
3191
3203
3209
55057
80833
80849
32783
3217
3221
55061
32789
3229
3251
3253
32797
55073
55079
55103
32801
80863
3257
55109
32803
32831
32833
32839
3259
3271
3299
32843
55117
55127
55147
55163
55171
32869
32887
55201
80897
80909
80911
80917
80923
80929
3301
32909
32911
32917
3307
3313
80933
32933
55207
55213
80953
80963
55217
55219
55229
55243
55249
55259
55291
55313
55331
55333
55337
32939
3319

32653
32687
80803
80809
80819
80831
55051
3167
32693
32707
32713
32717
32719
32749
32771
32779
3169
3181
3187
3191
3203
3209
55057
80833
80849
32783
3217
3221
55061
32789
3229
3251
3253
32797
55073
55079
55103
32801
80863
3257
55109
32803
32831
32833
32839
3259
3271
3299
32843
55117
55127
55147
55163
55171
32869
32887
55201
80897
80909
80911
80917
80923
80929
3301
32909
32911
32917
3307
3313
80933
32933
55207
55213
80953
80963
55217
55219
55229
55243
55249
55259
55291
55313
55331
55333
55337
32939
3319
5533955339
80989
32957
32969
32971
3323
81001
81013
81017
81019
81023
81031
81041
81043
81047
81049
81071
81077
81083
81097
81101
81119
81131
32983
32987
55343
81157
32993
32999
81163
55351
55373
55381
81173
3329
3331
3343
3347
3359
3361
81181
81197
81199
81203
81223
33013
33023
33029
33037
33049
33053
33071
33073
33083
33091
33107
33113
33119
33149
33151
33161
33179
33181
33191
33199
33203
33211
33223
33247
55399
81233
81239
3371
3373
3389
3391
3407
3413
81281
55411
33287
3433
3449
55439
33289
81283
81293
81299
81307
3457
55441
55457
55469
55487
55501
81331
33301
33311
33317
3461
81343
55511
55529
81349
33329
55541
81353
33331
3463
55547
33343
33347
81359
55579
55589
55603
3467
81371
81373
81401
81409
81421
55609
55619
55621
55631
33349
3469
3491
81439
81457
81463
81509
81517
3499
33353
55633
3511
33359
33377
3517
81527
3527
81533
55639
3529
81547
81551
3533
33391
55661
3539
3541
3547
55663
55667
55673
81553
3557
33403
33409
3559
81559
81563
55681
55691
81569
81611
55697
33413
3571
55711
33427
3581
3583
55717
33457
33461
55721
81619
81629
33469
55733
3593
81637
81647
55763
3607
33479
33487
3613
3617
55787
33493
3623
55793
81649
33503
3631
55799
81667
3637
55807
33521
81671
3643
81677
81689
81701
55813
81703
81707
33529
81727
81737
81749
81761
81769
81773
3659
33533
33547
3671
55817
33563
3673
81799
55819
33569
3677
81817
55823
33577
3691
3697
3701
33581
81839
55829
3709
33587
55837
3719
33589
55843
81847
81853
81869
33599
3727
55849
55871
55889
81883
81899
81901
81919
81929
55897
3733
3739
3761
3767
81931
81937
81943
3769
3779
55901
55903
33601
33613
55921
3793
81953
81967
81971
81973
82003
82007
3797
3803
55927
55931
55933
3821
33617
33619
33623
3823
82009
33629
55949
82013
33637
55967
55987
55997
33641
82021
3833
3847
33647
82031
82037
82039
82051
33679
82067
3851
3853
33703
56003
3863
33713
56009
82073
33721
3877
56039
82129
3881
56041
82139
82141
3889
82153
56053
33739
3907
56081
33749
33751
3911
82163
82171
56087
56093
33757
82183
3917
3919
82189
56099
3923
33767
56101
82193
3929
33769
56113
82207
33773
56123
82217
33791
3931
82219
33797
56131
82223
33809
3943
3947
82231
56149
56167
33811
82237
3967
3989
4001
33827
82241
56171
56179
56197
82261
4003
33829
33851
33857
4007
4013
4019
33863
33871
33889
4021
4027
4049
33893
33911
4051
56207
82267
33923
4057
4073
82279
56209
56237
56239
82301
82307
82339
82349
82351
33931
33937
82361
56249
56263
56267
82373
4079
33941
82387
56269
56299
56311
82393
4091
4093
82421
33961
33967
33997
82457
56333
56359
56369
82463
34019
34031
34033
34039
34057
34061
34123
34127
34129
34141
34147
34157
4099
56377
34159
82469
4111
56383
56393
82471
4127
56401
56417
34171
4129
56431
34183
34211
56437
82483
82487
82493
56443
56453
56467
82499
4133
4139
56473
82507
82529
4153
4157
56477
56479
56489
82531
82549
82559
56501
56503
82561
82567
82571
56509
34213
4159
56519
34217
34231
4177
56527
82591
82601
4201
4211
4217
34253
82609
82613
82619
82633
82651
82657
82699
82721
34259
82723
34261
4219
34267
4229
56531
82727
4231
4241
4243
4253
34273
34283
34297
34301
34303
34313
34319
34327
34337
34351
34361
34367
34369
34381
4259
4261
4271
56533
56543
56569
56591
56597
56599
56611
56629
56633
56659
56663
56671
56681
56687
56701
56711
56713
4273
4283
4289
4297
34403
34421
34429
34439
34457
34469
34471
34483
34487
34499
34501
34511
34513
34519
34537
34543
34549
4327
4337
82729
34583
34589
34591
34603
34607
34613
34631
34649
34651
34667
34673
34679
34687
34693
34703
34721
34729
4339
4349
4357
4363
4373
4391
4397
4409
82757
82759
34739
56731
56737
82763
4421
56747
56767
56773
56779
82781
34747
34757
56783
82787
4423
82793
82799
82811
82813
82837
82847
34759
82883
34763
56807
82889
82891
82903
56809
56813
56821
82913
82939
4441
82963
4447
4451
34781
34807
56827
56843
56857
34819
34841
34843
34847
34849
82981
56873
56891
82997
83003
56893
34871
4457
4463
34877
34883
4481
4483
34897
56897
4493
4507
56909
56911
4513
34913
56921
56923
34919
4517
56929
83009
34939
4519
56941
56951
4523
4547
56957
83023
34949
4549
56963
56983
56989
56993
56999
57037
57041
34961
83047
57047
4561
34963
83059
57059
4567
34981
35023
4583
4591
4597
4603
83063
57073
57077
57089
83071
35027
35051
83077
57097
57107
83089
4621
57119
35053
4637
4639
35059
57131
4643
83093
4649
83101
57139
57143
57149
83117
35069
35081
35083
35089
35099
4651
4657
4663
4673
4679
4691
4703
4721
4723
4729
83137
83177
83203
83207
83219
83221
83227
83231
83233
57163
57173
57179
57191
57193
83243
4733
35107
83257
57203
57221
35111
35117
57223
57241
57251
57259
57269
57271
57283
35129
35141
35149
57287
83267
57301
83269
35153
57329
83273
35159
57331
4751
83299
35171
57347
57349
35201
4759
4783
35221
35227
83311
35251
35257
35267
4787
35279
35281
4789
35291
35311
35317
35323
4793
83339
4799
35327
83341
4801
57367
35339
35353
4813
35363
83357
4817
35381
83383
57373
35393
4831
57383
57389
57397
35401
4861
83389
57413
35407
4871
83399
57427
35419
4877
4889
4903
57457
35423
83401
4909
35437
83407
35447
83417
4919
57467
35449
83423
4931
4933
4937
57487
57493
57503
57527
57529
57557
57559
57571
57587
57593
57601
57637
57641
57649
57653
57667
57679
57689
57697
57709
57713
57719
35461
35491
35507
35509
35521
57727
35527
83431
83437
83443
83449
83459
83471
83477
83497
83537
83557
35531
35533
35537
35543
35569
35573
35591
35593
35597
35603
35617
4943
83561
83563
83579
35671
35677
4951
4957
35729
83591
83597
83609
83617
83621
35731
35747
35753
57731
57737
57751
57773
57781
57787
4967
4969
4973
35759
35771
4987
35797
4993
83639
83641
57791
35801
35803
4999
83653
83663
57793
57803
35809
35831
83689
83701
57809
5003
35837
83717
35839
83719
83737
57829
35851
83761
83773
83777
5009
83791
83813
83833
83843
83857
35521
57727
35527
83431
83437
83443
83449
83459
83471
83477
83497
83537
83557
35531
35533
35537
35543
35569
35573
35591
35593
35597
35603
35617
4943
83561
83563
83579
35671
35677
4951
4957
35729
83591
83597
83609
83617
83621
35731
35747
35753
57731
57737
57751
57773
57781
57787
4967
4969
4973
35759
35771
4987
35797
4993
83639
83641
57791
35801
35803
4999
83653
83663
57793
57803
35809
35831
83689
83701
57809
5003
35837
83717
35839
83719
83737
57829
35851
83761
83773
83777
5009
83791
83813
83833
83843
83857
57839
83873
57847
5011
35863
83891
57853
35869
35879
57859
83903
35897
57881
5021
35899
83911
83921
57899
5023
5039
35911
57901
57917
57923
57943
57947
83933
83939
57973
5051
5059
57977
57991
35923
5077
58013
58027
58031
35933
83969
83983
35951
5081
5087
5099
35963
83987
84011
84017
35969
35977
35983
35993
35999
36007
36011
36013
36017
36037
36061
36067
36073
58043
58049
58057
58061
58067
84047
84053
84059
84061
84067
84089
36083
36097
5101
58073
58099
5107
84121
58109
5113
5119
36107
84127
84131
58111
5147
5153
5167
36109
5171
5179
5189
5197
5209
58129
58147
5227
84137
84143
5231
36131
36137
5233
58151
58153
58169
5237
84163
84179
84181
84191
84199
84211
84221
84223
84229
5261
5273
84239
58171
5279
84247
84263
36151
36161
84299
58189
5281
5297
58193
58199
5303
5309
58207
58211
36187
84307
84313
84317
36191
5323
5333
5347
5351
5381
5387
5393
5399
5407
36209
84319
84347
36217
58217
58229
36229
5413
58231
58237
58243
58271
58309
58313
36241
84349
84377
84389
36251
5417
5419
36263
58321
58337
58363
58367
58369
58379
58391
58393
58403
58411
58417
84391
84401
36269
36277
36293
58427
36299
36307
36313
36319
36341
5431
58439
84407
84421
58441
5437
36343
5441
36353
84431
58451
36373
84437
84443
58453
5443
5449
36383
84449
84457
58477
5471
5477
36389
58481
5479
5483
58511
36433
36451
36457
58537
58543
84463
84467
84481
84499
5501
58549
36467
36469
36473
36479
36493
36497
36523
36527
36529
36541
36551
36559
36563
36571
36583
36587
84503
84509
5503
58567
58573
36599
58579
36607
84521
84523
84533
84551
84559
84589
58601
36629
5507
5519
36637
36643
5521
84629
58603
36653
5527
84631
58613
36671
5531
84649
58631
36677
5557
84653
58657
58661
84659
84673
58679
36683
5563
84691
58687
36691
5569
84697
58693
58699
84701
36697
5573
5581
36709
58711
58727
36713
84713
84719
36721
58733
58741
36739
5591
58757
84731
36749
5623
84737
36761
58763
58771
36767
84751
5639
5641
5647
5651
5653
36779
36781
5657
58787
58789
5659
36787
36791
5669
58831
58889
58897
5683
84761
84787
84793
5689
58901
58907
58909
58913
36793
36809
58921
84809
5693
36821
36833
58937
36847
36857
58943
84811
5701
5711
5717
5737
5741
5743
5749
5779
84827
36871
5783
58963
36877
5791
5801
36887
84857
58967
36899
84859
84869
36901
5807
5813
5821
5827
58979
58991
5839
5843
5849
5851
5857
5861
84871
36913
58997
5867
59009
36919
5869
84913
59011
36923
5879
84919
59021
36929
5881
84947
59023
36931
5897
84961
59029
36943
5903
84967
59051
36947
5923
84977
36973
5927
59053
84979
36979
59063
84991
5939
36997
85009
85021
85027
85037
85049
85061
85081
85087
85091
85093
85103
85109
85121
85133
85147
85159
85193
85199
85201
85213
85223
85229
85237
85243
85247
85259
85297
85303
85313
85331
85333
85361
85363
85369
85381
85411
85427
85429
85439
85447
85451
85453
85469
85487
85513
85517
85523
85531
85549
85571
85577
85597
5953
5981
85601
85607
85619
85621
85627
85639
85643
85661
85667
85669
59069
37003
37013
37019
37021
37039
37049
59077
59083
37057
5987
6007
6011
6029
6037
6043
59093
59107
6047
85691
85703
59113
59119
6053
37061
37087
6067
59123
37097
6073
59141
59149
59159
59167
6079
85711
85717
6089
6091
6101
6113
6121
6131
6133
6143
6151
6163
6173
6197
6199
6203
6211
6217
6221
6229
6247
6257
6263
6269
6271
6277
6287
6299
6301
6311
6317
6323
6329
6337
6343
6353
6359
6361
6367
6373
6379
6389
6397
6421
6427
6449
6451
6469
6473
6481
6491
6521
6529
6547
6551
6553
37117
37123
37139
37159
37171
37181
37189
59183
59197
37199
37201
37217
37223
37243
37253
37273
37277
37307
37309
37313
37321
37337
37339
37357
37361
37363
37369
85733
59207
59209
59219
59221
59233
6563
85751
59239
85781
59243
6569
85793
37379
6571
85817
59263
6577
37397
85819
85829
85831
37409
85837
37423
6581
6599
6607
6619
6637
37441
59273
59281
37447
85843
85847
37463
6653
6659
59333
6661
85853
37483
37489
37493
37501
37507
85889
6673
37511
6679
85903
37517
6689
59341
6691
37529
59351
6701
37537
85909
6703
37547
85931
6709
59357
37549
59359
37561
85933
85991
85999
86011
6719
37567
59369
6733
37571
86017
86027
37573
59377
59387
37579
6737
6761
37589
86029
86069
86077
37591
59393
6763
37607
86083
59399
6779
37619
86111
59407
37633
86113
6781
59417
37643
86117
6791
59419
37649
86131
6793
6803
6823
37657
59441
59443
86137
6827
6829
86143
37663
37691
86161
59447
37693
86171
6833
59453
86179
6841
6857
86183
37699
59467
59471
37717
6863
37747
59473
6869
86197
37781
59497
6871
6883
37783
86201
59509
6899
37799
37811
6907
6911
37813
59513
86209
6917
37831
37847
59539
86239
6947
37853
86243
59557
6949
37861
86249
6959
59561
37871
86257
6961
59567
86263
37879
37889
37897
6967
86269
86287
86291
6971
59581
37907
6977
59611
86293
37951
6983
59617
86297
86311
59621
37957
37963
59627
6991
86323
59629
6997
37967
59651
86341
86351
59659
86353
7001
59663
37987
86357
59669
37991
7013
86369
59671
37993
86371
7019
37997
59693
38011
7027
59699
86381
38039
7039
59707
86389
38047
7043
59723
86399
38053
7057
59729
38069
7069
59743
38083
86413
59747
38113
38119
59753
7079
7103
7109
7121
38149
59771
86423
38153
59779
7127
7129
7151
38167
59791
86441
7159
7177
38177
59797
59809
86453
38183
7187
59833
38189
86461
59863
38197
7193
7207
38201
86467
7211
38219
59879
59887
38231
7213
86477
59921
38237
7219
86491
59929
38239
7229
86501
59951
38261
7237
59957
86509
7243
86531
59971
7247
38273
86533
59981
38281
86539
59999
38287
86561
7253
86573
38299
60013
86579
38303
7283
60017
86587
38317
60029
7297
7307
7309
7321
7331
7333
38321
38327
7349
38329
7351
86599
86627
86629
86677
86689
38333
38351
38371
60037
86693
86711
86719
86729
60041
60077
86743
86753
86767
7369
7393
86771
86783
86813
86837
38377
60083
86843
38393
38431
86851
7411
60089
86857
38447
38449
38453
86861
60091
60101
60103
38459
38461
86869
86923
60107
7417
86927
38501
60127
7433
38543
60133
86929
7451
7457
86939
38557
7459
60139
38561
86951
7477
7481
86959
60149
60161
86969
38567
38569
38593
86981
7487
38603
38609
38611
7489
86993
60167
60169
60209
87011
38629
7499
7507
7517
87013
38639
38651
87037
60217
7523
38653
60223
87041
60251
38669
7529
60257
38671
87049
60259
60271
87071
7537
7541
87083
87103
87107
87119
87121
60289
38677
7547
87133
60293
60317
87149
87151
87179
87181
87187
87211
7549
60331
87221
87223
87251
87253
87257
7559
7561
38693
60337
87277
7573
38699
87281
60343
38707
7577
87293
60353
38711
7583
87299
60373
60383
60397
60413
87313
87317
60427
38713
7589
87323
87337
7591
38723
60443
87359
38729
7603
87383
38737
60449
87403
38747
7607
87407
38749
60457
7621
87421
60493
7639
38767
87427
60497
7643
38783
60509
60521
38791
87433
7649
7669
38803
87443
60527
60539
38821
38833
60589
87473
7673
38839
60601
87481
7681
38851
60607
87491
7687
60611
38861
38867
38873
38891
38903
38917
60617
87509
87511
87517
87523
87539
87541
60623
60631
87547
38921
7691
38923
87553
7699
60637
38933
87557
7703
60647
38953
7717
60649
87559
7723
7727
87583
60659
87587
7741
7753
60661
87589
7757
38959
60679
87613
7759
38971
60689
87623
7789
7793
87629
87631
87641
7817
38977
60703
7823
87643
60719
38993
7829
87649
87671
60727
39019
7841
87679
60733
39023
7853
87683
60737
60757
87691
39041
60761
7867
87697
87701
87719
87721
39043
39047
39079
87739
7873
7877
7879
7883
7901
87743
60763
60773
39089
87751
60779
7907
87767
60793
39097
87793
60811
6082187541
60623
60631
87547
38921
7691
38923
87553
7699
60637
38933
87557
7703
60647
38953
7717
60649
87559
7723
7727
87583
60659
87587
7741
7753
60661
87589
7757
38959
60679
87613
7759
38971
60689
87623
7789
7793
87629
87631
87641
7817
38977
60703
7823
87643
60719
38993
7829
87649
87671
60727
39019
7841
87679
60733
39023
7853
87683
60737
60757
87691
39041
60761
7867
87697
87701
87719
87721
39043
39047
39079
87739
7873
7877
7879
7883
7901
87743
60763
60773
39089
87751
60779
7907
87767
60793
39097
87793
60811
60821
7919
39103
60869
7927
39107
39113
7933
60887
39119
7937
7949
7951
60889
39133
39139
39157
39161
60899
87797
87803
87811
60901
7963
7993
39163
39181
60913
87833
39191
60917
87853
39199
60919
8009
87869
60923
8011
8017
39209
87877
60937
8039
39217
39227
8053
8059
87881
87887
87911
8069
60943
39229
87917
8081
60953
39233
87931
8087
39239
87943
8089
39241
87959
8093
60961
39251
87961
8101
61001
39293
87973
61007
39301
8111
87977
61027
8117
39313
39317
39323
87991
8123
39341
88001
8147
8161
88003
88007
88019
88037
61031
61043
88069
8167
88079
39343
8171
8179
39359
61051
88093
39367
61057
8191
8209
61091
88117
8219
8221
8231
61099
39371
88129
61121
39373
39383
61129
8233
88169
61141
8237
88177
39397
39409
61151
88211
8243
61153
39419
61169
8263
8269
8273
61211
61223
61231
61253
61261
39439
39443
61283
8287
8291
8293
8297
8311
8317
8329
8353
8363
61291
39451
39461
8369
61297
88223
88237
88241
61331
8377
88259
88261
61333
61339
88289
88301
88321
88327
39499
61343
8387
8389
39503
39509
88337
88339
61357
8419
39511
39521
39541
61363
8423
88379
88397
39551
39563
88411
8429
61379
88423
8431
8443
8447
8461
8467
8501
61381
61403
39569
88427
8513
61409
61417
8521
88463
88469
88471
88493
88499
88513
88523
88547
88589
88591
88607
88609
88643
88651
88657
88661
88663
61441
39581
39607
61463
8527
39619
61469
88667
8537
8539
88681
39623
39631
39659
39667
39671
88721
61471
61483
88729
8543
8563
88741
39679
39703
88747
39709
88771
61487
61493
88789
8573
8581
8597
88793
61507
88799
8599
88801
88807
88811
88813
88817
88819
88843
88853
88861
88867
88873
88883
88897
88903
88919
8609
8623
61511
39719
61519
39727
8627
88937
88951
8629
61543
39733
88969
61547
8641
88993
61553
8647
8663
8669
8677
8681
8689
8693
8699
8707
39749
39761
39769
39779
39791
39799
39821
39827
39829
39839
39841
39847
39857
39863
39869
8713
88997
39877
39883
39887
39901
39929
39937
8719
8731
8737
8741
8747
8753
8761
8779
8783
8803
61559
61561
61583
61603
61609
8807
39953
39971
39979
39983
39989
40009
40013
40031
40037
40039
40063
89003
40087
40093
61613
61627
61631
40099
89009
40111
40123
89017
40127
8819
89021
40129
8821
8831
40151
61637
61643
40153
89041
89051
40163
8837
8839
40169
61651
61657
40177
89057
89069
40189
8849
8861
40193
61667
61673
40213
89071
89083
89087
89101
89107
89113
89119
89123
8863
8867
8887
8893
8923
40231
61681
8929
89137
40237
8933
61687
40241
8941
61703
40253
8951
8963
61717
40277
89153
8969
61723
61729
8971
40283
89189
8999
9001
61751
40289
40343
89203
89209
40351
61757
61781
61813
40357
89213
89227
9007
40361
89231
89237
61819
89261
61837
9011
9013
40387
89269
89273
40423
9029
61843
40427
89293
61861
40429
40433
40459
40471
40483
61871
9041
9043
9049
9059
9067
61879
89303
89317
61909
40487
40493
61927
9091
89329
61933
9103
40499
61949
9109
40507
61961
9127
9133
61967
89363
89371
61979
40519
40529
61981
89381
40531
61987
61991
9137
9151
9157
62003
89387
89393
89399
62011
40543
89413
89417
62017
9161
9173
62039
89431
40559
9181
62047
62053
62057
62071
89443
9187
40577
62081
89449
9199
40583
89459
9203
62099
62119
62129
40591
89477
9209
9221
62131
9227
62137
40597
9239
62141
40609
9241
62143
40627
9257
89491
89501
40637
62171
62189
9277
9281
9283
9293
9311
9319
40639
40693
62191
89513
89519
9323
40697
62201
89521
9337
40699
62207
89527
9341
40709
62213
89533
9343
9349
89561
62219
40739
9371
89563
62233
40751
9377
89567
62273
40759
62297
89591
89597
62299
40763
9391
89599
62303
40771
9397
89603
89611
89627
89633
9403
40787
62311
89653
9413
40801
62323
89657
89659
62327
62347
40813
9419
89669
62351
40819
40823
62383
89671
9421
40829
62401
89681
89689
62417
40841
9431
89753
89759
89767
62423
40847
9433
89779
62459
40849
9437
89783
62467
40853
40867
62473
89797
9439
40879
62477
89809
9461
40883
62483
9463
9467
62497
89819
89821
62501
40897
40903
62507
89833
89839
62533
40927
9473
89849
89867
62539
9479
40933
89891
62549
9491
40939
40949
62563
9497
9511
62581
40961
40973
62591
89897
89899
89909
89917
62597
40993
41011
41017
62603
62617
9521
9533
62627
41023
41039
62633
62639
41047
62653
9539
9547
62659
41051
41057
89923
62683
89939
89959
9551
62687
41077
41081
41113
41117
62701
89963
62723
41131
89977
9587
41141
62731
9601
89983
89989
9613
62743
90001
41143
9619
90007
41149
9623
90011
90017
9629
62753
90019
41161
41177
41179
9631
9643
62761
62773
62791
62801
62819
62827
62851
62861
62869
62873
62897
62903
62921
62927
62929
62939
62969
62971
62981
62983
62987
62989
63029
63031
63059
63067
63073
63079
63097
63103
63113
63127
63131
63149
63179
41183
41189
41201
63197
41203
63199
63211
41213
9649
90023
90031
9661
41221
63241
9677
90053
63247
9679
41227
41231
9689
90059
90067
9697
41233
63277
90071
90073
9719
63281
41243
90089
9721
41257
9733
41263
41269
63299
63311
41281
9739
9743
41299
90107
90121
41333
63313
63317
41341
9749
63331
90127
9767
41351
90149
9769
63337
90163
9781
41357
90173
63347
9787
41381
90187
90191
90197
41387
9791
9803
63353
63361
90199
41389
9811
63367
90203
90217
63377
9817
41399
90227
63389
9829
90239
90247
90263
90271
90281
90289
90313
90353
90359
90371
90373
90379
90397
90401
90403
90407
90437
90439
90469
90473
90481
90499
90511
90523
90527
90529
90533
90547
90583
90599
90617
90619
9833
9839
9851
9857
9859
9871
9883
9887
63391
41411
41413
63397
90631
63409
90641
90647
63419
9901
9907
9923
9929
9931
9941
9949
9967
9973
63421
41443
41453
63439
90659
90677
63443
63463
63467
41467
63473
63487
90679
90697
63493
63499
41479
41491
41507
63521
90703
90709
63527
10007
90731
63533
10009
10037
10039
10061
10067
10069
90749
90787
90793
10079
63541
63559
10091
41513
41519
10093
10099
10103
10111
90803
90821
10133
41521
90823
90833
90841
90847
90863
90887
90901
90907
10139
63577
63587
63589
63599
63601
63607
63611
10141
41539
41543
10151
90911
90917
10159
41549
41579
10163
90931
90947
10169
63617
63629
10177
41593
41597
10181
90971
63647
41603
41609
10193
90977
63649
63659
10211
10223
10243
10247
63667
41611
90989
10253
63671
90997
91009
91019
63689
41617
41621
63691
10259
10267
63697
91033
91079
63703
41627
41641
41647
63709
63719
91081
91097
91099
63727
63737
41651
41659
41669
63743
91121
41681
63761
10271
41687
63773
91127
41719
63781
10273
41729
41737
10289
10301
10303
10313
41759
63793
91129
41761
63799
10321
41771
10331
41777
91139
63803
41801
10333
91141
63809
63823
63839
63841
63853
63857
63863
63901
63907
63913
63929
63949
63977
63997
41809
10337
64007
64013
64019
41813
41843
41849
41851
41863
91151
64033
64037
64063
91153
64067
64081
10343
10357
10369
64091
91159
91163
91183
64109
10391
10399
64123
91193
91199
91229
64151
10427
10429
10433
64153
41879
41887
41893
64157
64171
91237
91243
64187
41897
64189
91249
91253
91283
64217
64223
10453
91291
91297
10457
64231
41903
10459
10463
41911
64237
41927
10477
91303
91309
64271
41941
91331
10487
41947
64279
64283
91367
91369
91373
91381
10499
10501
10513
41953
64301
64303
64319
10529
10531
91387
64327
41957
41959
64333
10559
10567
64373
91393
10589
64381
41969
10597
64399
91397
10601
64403
41981
91411
64433
41983
10607
91423
41999
10613
64439
64451
42013
10627
91433
64453
64483
91453
10631
42017
42019
10639
91457
10651
64489
42023
10657
64499
42043
10663
64513
42061
91459
10667
64553
91463
91493
64567
42071
10687
64577
42073
42083
10691
10709
10711
42089
91499
10723
64579
64591
91513
42101
64601
10729
91529
42131
64609
10733
91541
42139
64613
64621
10739
42157
64627
91571
10753
42169
42179
10771
64633
91573
42181
10781
64661
42187
42193
91577
64663
64667
42197
91583
10789
64679
42209
91591
10799
10831
91621
64693
42221
91631
64709
42223
10837
64717
91639
42227
64747
91673
10847
42239
64763
10853
91691
64781
42257
10859
91703
42281
64783
91711
42283
64793
10861
91733
42293
10867
91753
64811
10883
91757
42299
64817
10889
42307
91771
64849
10891
10903
42323
64853
91781
10909
42331
64871
91801
10937
42337
91807
64877
10939
42349
91811
64879
64891
64901
10949
91813
64919
64921
91823
10957
64927
91837
10973
42359
64937
10979
91841
42373
64951
10987
91867
64969
42379
91873
64997
10993
42391
91909
65003
11003
65011
11027
42397
91921
11047
42403
65027
91939
42407
11057
65029
91943
42409
11059
91951
42433
11069
91957
42437
65033
11071
91961
42443
65053
11083
91967
42451
65063
11087
91969
42457
65071
65089
42461
91997
65099
11093
42463
92003
65101
11113
42467
42473
11117
65111
42487
92009
11119
65119
42491
42499
11131
65123
92033
42509
11149
65129
92041
42533
11159
65141
92051
11161
42557
92077
65147
11171
42569
92083
65167
11173
42571
92107
65171
11177
42577
92111
65173
11197
42589
92119
65179
11213
42611
92143
65183
11239
42641
92153
65203
11243
42643
92173
65213
11251
11257
42649
65239
92177
11261
42667
65257
11273
42677
65267
92179
11279
42683
65269
92189
11287
42689
65287
92203
11299
42697
65293
92219
11311
11317
65309
92221
42701
11321
65323
92227
42703
11329
65327
92233
42709
11351
92237
65353
42719
11353
92243
65357
42727
11369
92251
92269
65371
42737
92297
65381
11383
42743
42751
42767
42773
42787
42793
11393
92311
65393
42797
92317
65407
11399
42821
92333
65413
11411
42829
92347
65419
11423
92353
65423
65437
92357
92363
42839
11437
65447
92369
42841
11443
65449
92377
42853
11447
11467
42859
65479
92381
92383
65497
11471
42863
92387
65519
11483
42899
92399
65521
65537
65539
65543
65551
65557
65563
11489
11491
11497
65579
42901
11503
92401
92413
92419
11519
65581
42923
92431
11527
65587
42929
92459
11549
65599
42937
92461
11551
65609
65617
11579
42943
92467
65629
42953
11587
92479
92489
11593
42961
65633
92503
42967
65647
11597
92507
65651
11617
42979
92551
65657
11621
42989
92557
65677
11633
43003
43013
65687
92567
43019
65699
11657
43037
65701
92569
11677
65707
65713
11681
92581
43049
65717
11689
92593
92623
11699
43051
65719
65729
65731
11701
11717
65761
65777
11719
43063
43067
11731
92627
92639
11743
65789
43093
11777
92641
43103
65809
65827
11779
92647
43117
11783
65831
92657
43133
11789
11801
11807
43151
65837
65839
65843
92669
11813
43159
43177
43189
92671
92681
43201
65851
11821
11827
92683
43207
11831
11833
92693
43223
11839
92699
65867
43237
11863
92707
65881
43261
11867
11887
65899
43271
92717
11897
65921
92723
43283
11903
65927
92737
43291
11909
65929
92753
92761
11923
92767
65951
43313
11927
92779
43319
65957
11933
43321
65963
65981
92789
43331
11939
65983
92791
43391
11941
65993
92801
43397
66029
92809
11953
11959
11969
92821
92831
43399
92849
43403
43411
11971
66037
66041
92857
11981
11987
12007
92861
43427
66047
12011
12037
43441
43451
12041
66067
92863
92867
92893
66071
43457
92899
12043
66083
43481
92921
12049
12071
92927
66089
43487
12073
12097
12101
43499
66103
92941
12107
12109
43517
92951
12113
66107
43541
92957
12119
12143
92959
66109
43543
12149
92987
66137
12157
92993
43573
66161
12161
93001
43577
66169
12163
12197
43579
66173
93047
43591
12203
66179
93053
43597
12211
66191
93059
12227
43607
93077
66221
12239
93083
43609
66239
12241
12251
12253
12263
12269
93089
93097
93103
93113
93131
93133
93139
93151
93169
93179
93187
93199
93229
93239
93241
93251
12277
12281
12289
43613
66271
66293
12301
66301
12323
93253
66337
12329
43627
43633
93257
43649
12343
66343
93263
93281
93283
66347
12347
12373
12377
12379
12391
12401
93287
43651
66359
12409
93307
43661
66361
12413
93319
43669
12421
93323
93329
93337
93371
93377
12433
12437
12451
12457
66373
66377
66383
12473
66403
66413
66431
43691
43711
43717
12479
12487
12491
12497
12503
66449
66457
66463
12511
93383
93407
93419
12517
43721
43753
43759
12527
66467
66491
66499
12539
12541
12547
12553
12569
12577
12583
12589
12601
43777
66509
93427
12611
43781
93463
12613
43783
93479
66523
12619
43787
93481
66529
12637
43789
43793
43801
43853
43867
12641
12647
12653
12659
12671
93487
43889
12689
66533
93491
43891
12697
66541
43913
12703
93493
66553
66569
43933
43943
43951
66571
12713
93497
66587
43961
12721
12739
12743
12757
66593
43963
12763
66601
66617
12781
93503
43969
66629
12791
93523
43973
43987
66643
93529
43991
12799
66653
93553
93557
93559
43997
66683
12809
93563
44017
12821
93581
93601
12823
44021
93607
12829
66697
66701
12841
44027
93629
66713
12853
44029
66721
12889
93637
44041
66733
66739
93683
44053
66749
93701
12893
44059
66751
93703
93719
93739
12899
12907
93761
66763
12911
12917
93763
66791
44071
12919
93787
66797
44087
12923
12941
66809
44089
93809
12953
66821
44101
93811
12959
66841
44111
12967
66851
93827
44119
12973
66853
93851
44123
44129
66863
93871
12979
12983
13001
13003
13007
44131
93887
13009
66877
44159
93889
13033
66883
44171
93893
13037
66889
44179
13043
66919
93901
44189
13049
66923
93911
44201
13063
66931
93913
13093
66943
44203
93923
13099
66947
44207
93937
66949
44221
93941
13103
66959
44249
44257
93949
66973
13109
44263
93967
66977
13121
44267
93971
67003
67021
44269
93979
13127
44273
93983
67033
44279
93997
13147
67043
67049
13151
94007
44281
67057
13159
94009
44293
67061
13163
94033
44351
67073
67079
44357
13171
94049
67103
13177
44371
44381
13183
44383
44389
94057
94063
44417
13187
94079
44449
13217
67121
13219
13229
13241
13249
13259
13267
13291
13297
13309
13313
13327
13331
13337
13339
13367
13381
13397
94099
44453
67129
13399
44483
67139
94109
13411
44491
67141
94111
94117
94121
94151
94153
94169
94201
13417
44497
44501
13421
13441
13451
44507
67153
13457
94207
67157
67169
44519
94219
13463
13469
94229
67181
44531
13477
94253
44533
44537
44543
94261
94273
67187
13487
94291
44549
67189
67211
13499
67213
13513
94307
67217
13523
44563
94309
67219
13537
94321
67231
44579
13553
94327
67247
44587
94331
67261
13567
44617
94343
67271
13577
44621
94349
67273
13591
44623
94351
67289
13597
44633
94379
13613
44641
67307
94397
13619
44647
67339
94399
13627
44651
67343
94421
94427
67349
67369
67391
94433
13633
44657
67399
94439
13649
44683
67409
94441
13669
44687
67411
94447
13679
13681
67421
94463
44699
13687
67427
94477
44701
13691
67429
94483
44711
13693
67433
94513
13697
67447
44729
94529
13709
67453
94531
44741
67477
13711
94541
44753
67481
13721
94543
44771
67489
13723
94547
44773
67493
13729
44777
67499
94559
13751
44789
67511
94561
13757
44797
67523
94573
13759
44809
67531
94583
13763
44819
67537
94597
13781
44839
67547
94603
13789
44843
67559
94613
13799
44851
67567
94621
13807
44867
67577
94649
13829
44879
67579
94651
13831
44887
67589
94687
44893
44909
13841
94693
67601
44917
13859
94709
67607
44927
13873
94723
67619
44939
13877
13879
67631
44953
94727
13883
67651
44959
94747
13901
67679
44963
94771
94777
67699
13903
44971
94781
13907
44983
94789
67709
13913
13921
94793
67723
67733
94811
44987
45007
67741
13931
94819
45013
67751
13933
13963
67757
45053
94823
94837
67759
67763
94841
13967
13997
94847
45061
45077
94849
67777
67783
67789
67801
67807
67819
67829
67843
67853
45083
45119
45121
45127
45131
45137
45139
45161
45179
45181
45191
45197
45233
45247
45259
45263
45281
45289
45293
45307
45317
45319
45329
45337
45341
45343
45361
45377
45389
45403
45413
13999
14009
14011
45427
94873
94889
94903
94907
14029
67867
45433
94933
14033
67883
45439
94949
14051
67891
45481
94951
67901
67927
94961
14057
45491
14071
94993
94999
95003
95009
67931
45497
14081
95021
45503
14083
67933
45523
14087
14107
45533
95027
67939
45541
45553
67943
14143
95063
14149
67957
67961
67967
14153
14159
14173
14177
14197
14207
14221
14243
14249
14251
14281
14293
45557
45569
45587
45589
45599
45613
45631
45641
45659
45667
45673
45677
45691
67979
14303
45697
95071
95083
14321
45707
67987
14323
45737
95087
67993
14327
45751
95089
68023
45757
45763
68041
95093
14341
45767
68053
95101
14347
45779
68059
95107
14369
14387
95111
45817
95131
14389
45821
68071
68087
45823
95143
14401
14407
14411
14419
14423
95153
68099
45827
68111
68113
68141
45833
95177
14431
68147
45841
45853
95189
68161
45863
14437
95191
68171
45869
14447
95203
68207
45887
14449
95213
68209
45893
14461
95219
68213
45943
14479
95231
68219
45949
45953
45959
68227
14489
95233
45971
68239
95239
45979
68261
14503
95257
45989
14519
68279
95261
46021
14533
68281
95267
46027
14537
68311
95273
95279
95287
95311
14543
14549
14551
14557
14561
14563
14591
14593
14621
95317
95327
95339
95369
95383
14627
95393
68329
68351
95401
14629
14633
95413
46049
95419
14639
14653
95429
95441
46051
68371
14657
95443
46061
68389
14669
95461
95467
46073
68399
14683
14699
68437
68443
68447
68449
95471
14713
46091
46093
46099
46103
46133
46141
95479
95483
68473
46147
46153
68477
14717
46171
68483
95507
46181
14723
68489
95527
14731
46183
68491
95531
95539
68501
46187
14737
95549
68507
46199
14741
95561
68521
46219
14747
95569
68531
46229
14753
95581
68539
46237
14759
95597
68543
68567
95603
14767
46261
46271
46273
46279
46301
46307
46309
46327
46337
46349
46351
46381
46399
46411
46439
95617
95621
46441
68581
14771
14779
95629
46447
68597
95633
95651
68611
68633
46451
14783
14797
14813
46457
95701
68639
46471
95707
14821
68659
46477
95713
14827
68669
46489
95717
14831
68683
46499
14843
68687
95723
46507
14851
68699
95731
46511
14867
14869
46523
68711
95737
46549
46559
46567
46573
46589
46591
46601
46619
46633
95747
68713
68729
46639
14879
46643
68737
95773
46649
14887
68743
95783
46663
14891
68749
95789
46679
14897
68767
95791
46681
14923
68771
95801
46687
14929
68777
95803
46691
14939
68791
95813
46703
14947
68813
46723
14951
14957
14969
14983
15013
15017
15031
46727
15053
46747
95819
95857
46751
68819
68821
46757
68863
46769
15061
15073
46771
46807
68879
15077
95869
46811
68881
15083
95873
46817
68891
15091
95881
46819
68897
68899
46829
15101
15107
95891
15121
46831
95911
68903
15131
46853
95917
68909
68917
15137
15139
68927
95923
95929
95947
95957
46861
68947
15149
95959
46867
68963
15161
15173
68993
69001
15187
95971
15193
69011
95987
46877
15199
69019
95989
46889
15217
69029
96001
46901
15227
69031
96013
46919
15233
69061
96017
46933
15241
69067
96043
46957
15259
69073
69109
69119
69127
69143
15263
96053
46993
46997
47017
69149
15269
96059
47041
69151
15271
15277
15287
15289
15299
15307
15313
15319
15329
15331
15349
15359
15361
15373
15377
15383
15391
15401
15413
15427
15439
15443
15451
15461
15467
15473
15493
15497
15511
96079
96097
96137
96149
96157
96167
96179
96181
96199
96211
69163
69191
69193
69197
69203
69221
69233
69239
69247
69257
69259
69263
15527
47051
96221
47057
47059
47087
69313
96223
47093
47111
47119
47123
47129
47137
47143
47147
96233
69317
15541
96259
69337
47149
15551
96263
69341
47161
15559
96269
69371
47189
15569
96281
69379
15581
47207
47221
47237
47251
47269
47279
15583
69383
96289
47287
15601
69389
47293
15607
96293
69401
47297
15619
69403
96323
47303
15629
69427
47309
96329
69431
47317
15641
96331
96337
96353
47339
15643
96377
69439
47351
15647
15649
15661
47353
96401
69457
15667
47363
96419
69463
15671
47381
96431
69467
15679
47387
96443
69473
15683
47389
96451
69481
15727
47407
96457
69491
15731
47417
47419
69493
15733
15737
69497
96461
47431
15739
96469
69499
15749
96479
47441
69539
96487
15761
47459
69557
96493
15767
47491
47497
47501
47507
47513
47521
47527
47533
96497
96517
96527
96553
96557
96581
96587
96589
96601
96643
96661
96667
96671
96697
96703
96731
96737
69593
69623
69653
69661
69677
69691
69697
69709
15773
15787
15791
15797
15803
47543
47563
69737
96739
15809
96749
96757
69739
69761
96763
47569
69763
96769
96779
96787
96797
96799
96821
47581
69767
69779
47591
47599
69809
15817
96823
47609
69821
15823
15859
96827
47623
47629
47639
69827
15877
96847
96851
15881
69829
47653
15887
96857
47657
15889
69833
47659
96893
96907
15901
69847
96911
15907
15913
15919
69857
96931
15923
69859
47681
96953
69877
47699
96959
15937
69899
47701
69911
96973
69929
47711
96979
69931
15959
47713
96989
69941
15971
96997
47717
47737
47741
47743
47777
47779
47791
47797
47807
47809
47819
47837
47843
47857
47869
47881
47903
47911
47917
47933
47939
47947
47951
47963
47969
47977
47981
48017
48023
48029
48049
48073
48079
48091
48109
48119
48121
48131
48157
48163
48179
48187
48193
48197
48221
48239
48247
48259
48271
48281
48299
48311
48313
48337
48341
48353
48371
48383
48397
48407
48409
48413
48437
48449
48463
48473
48479
48481
48487
48491
48497
48523
48527
48533
48539
48541
48563
48571
48589
48593
48611
48619
48623
69959
97001
97003
97007
97021
97039
97073
97081
48647
69991
97103
48649
15973
15991
16001
48661
48673
97117
16007
48677
69997
97127
48679
70001
97151
16033
48731
97157
16057
16061
97159
70003
48733
16063
70009
48751
48757
48761
48767
48779
48781
97169
97171
16067
16069
16073
97177
16087
16091
70019
48787
16097
16103
70039
48799
16111
97187
70051
70061
97213
48809
16127
97231
97241
97259
97283
97301
97303
97327
48817
16139
97367
48821
16141
97369
48823
70067
97373
16183
70079
48847
16187
97379
70099
48857
16189
97381
70111
16193
48859
97387
16217
16223
16229
16231
97397
97423
97429
97441
97453
48869
70117
70121
70123
97459
97463
16249
97499
97501
97511
70139
48871
97523
97547
48883
16253
97549
70141
48889
97553
70157
16267
16273
97561
48907
16301
70163
97571
16319
48947
48953
16333
97577
70177
48973
16339
16349
97579
70181
70183
97583
16361
48989
97607
70199
48991
97609
16363
49003
49009
49019
97613
16369
16381
16411
16417
16421
16427
16433
70201
70207
49031
49033
49037
49043
49057
49069
49081
49103
49109
49117
49121
49123
49139
49157
49169
49171
49177
49193
49199
49201
49207
70223
97649
97651
70229
16447
70237
16451
16453
70241
49211
97673
70249
70271
16477
49223
49253
97687
97711
49261
16481
16487
16493
70289
97729
16519
70297
97771
97777
49277
16529
70309
97787
49279
16547
16553
16561
16567
70313
49297
16573
97789
97813
16603
70321
70327
70351
16607
16619
16631
16633
16649
16651
16657
16661
16673
16691
16693
16699
16703
16729
16741
16747
70373
70379
70381
16759
49307
49331
49333
16763
97829
97841
70393
16787
97843
49339
16811
70423
49363
16823
70429
97847
97849
49367
16829
16831
70439
97859
97861
70451
16843
49369
70457
70459
70481
70487
49391
97871
97879
97883
97919
97927
97931
49393
16871
16879
16883
49409
70489
70501
49411
49417
49429
49433
49451
70507
70529
97943
97961
70537
49459
16889
16901
49463
97967
70549
16903
49477
97973
70571
16921
49481
97987
98009
98011
49499
16927
16931
70573
98017
98041
49523
49529
98047
16937
49531
49537
70583
70589
70607
16943
16963
70619
70621
16979
49547
70627
98057
49549
49559
49597
16981
70639
70657
16987
49603
70663
98081
98101
70667
16993
98123
70687
17011
98129
70709
49613
17021
98143
70717
17027
17029
70729
98179
98207
98213
98221
98227
49627
17033
17041
49633
70753
98251
17047
17053
70769
98257
17077
49639
49663
49667
70783
70793
49669
17093
70823
98269
98297
98299
49681
70841
17099
49697
49711
17107
70843
98317
17117
17123
70849
49727
98321
17137
70853
49739
98323
98327
98347
98369
98377
98387
49741
49747
70867
98389
17159
70877
70879
17167
49757
98407
98411
70891
17183
49783
70901
17189
98419
70913
70919
70921
70937
17191
17203
70949
49787
49789
49801
70951
98429
17207
17209
98443
70957
49807
49811
70969
17231
17239
70979
70981
98453
17257
49823
70991
98459
98467
70997
17291
49831
70999
17293
17299
17317
71011
71023
71039
98473
17321
17327
98479
71059
98491
17333
17341
98507
71069
71081
71089
71119
71129
71143
71147
71153
71161
71167
71171
71191
49843
17351
98519
49853
17359
71209
71233
49871
17377
98533
49877
17383
71237
98543
17387
71249
49891
49919
71257
98561
17389
49921
71261
98563
17393
17401
98573
71263
49927
17417
98597
71287
49937
17419
98621
71293
49939
17431
71317
98627
17443
49943
98639
98641
98663
71327
49957
17449
98669
71329
71333
49991
17467
98689
98711
98713
98717
49993
71339
17471
98729
49999
17477
98731
71341
71341
17483
98737
71347
17489
98773
71353
17491
98779
71359
17497
98801
71363
98807
17509
71387
98809
71389
71399
17519
71411
17539
98837
17551
71413
98849
17569
71419
98867
71429
17573
98869
71437
17579
98873
98887
98893
98897
71443
17581
98899
71453
17597
98909
71471
71473
17599
98911
71479
17609
98927
98929
71483
17623
98939
71503
71527
17627
71537
17657
98947
71549
17659
98953
71551
17669
98963
71563
17681
98981
71569
17683
98993
71593
17707
98999
71597
17713
99013
17729
71633
17737
99017
17747
99023
71647
17749
99041
71663
99053
99079
99083
99089
17761
71671
99103
99109
99119
17783
71693
99131
17789
71699
99133
17791
71707
17807
99137
71711
17827
99139
71713
17837
99149
71719
71741
71761
99173
71777
99181
71789
71807
71809
71821
71837
71843
71849
71861
17839
17851
17863
99191
99223
99233
99241
99251
17881
17891
99257
99259
17903
71867
71879
99277
17909
17911
71881
99289
17921
71887
17923
99317
71899
17929
99347
71909
99349
17939
71917
99367
17957
71933
71941
71947
71963
99371
99377
99391
71971
99397
71983
71987
71993
71999
17959
99401
72019
17971
17977
99409
72031
72043
17981
17987
72047
99431
17989
18013
72053
99439
18041
99469
72073
99487
18043
72077
99497
18047
18049
72089
99523
18059
72091
99527
99529
99551
18061
72101
18077
99559
72103
18089
72109
99563
18097
18119
72139
99571
72161
99577
18121
72167
18127
99581
18131
72169
99607
99611
18133
99623
72173
18143
99643
72211
99661
18149
72221
18169
72223
18181
72227
18191
72229
18199
18211
72251
18217
72253
18223
18229
72269
18233
72271
72277
72287
18251
99667
18253
18257
18269
18287
99679
18289
72307
99689
18301
18307
72313
18311
72337
18313
72341
18329
72353
18341
72367
18353
72379
18367
72383
18371
72421
18379
72431
18397
72461
18401
99707
72467
99709
72469
99713
72481
99719
72493
99721
72497
18413
72503
99733
18427
72533
18433
72547
18439
72551
18443
72559
18451
72577
18457
72613
18461
72617
18481
72623
18493
72643
18503
72647
18517
72649
18521
72661
18523
99761
18539
99767
18541
99787
18553
99793
18583
99809
18587
99817
18593
99823
99829
72671
18617
99833
18637
99839
18661
99859
18671
99871
18679
99877
18691
99881
18701
99901
18713
99907
18719
18731
72673
18743
18749
72679
18757
72689
18773
72701
18787
72707
18793
72719
18797
18803
72727
18839
72733
18859
99923
18869
72739
99929
18899
72763
99961
18911
72767
99971
18913
72797
99989
18917
72817
99991
18919
72823
72823
18947
72859
18959
18973
72869
18979
72871
19001
72883
72889
72893
19009
72901
19013
72907
19031
72911
19037
72923
72931
19051
72937
19069
72949
19073
72953
19079
72959
19081
19087
72973
19121
72977
19139
72997
19141
73009
19157
73013
19163
73019
19181
73037
19183
73039
19207
73043
19211
73061
19213
73063
73079
19219
73091
19231
73121
19237
73127
19249
73133
19259
73141
19267
73181
19273
73189
19289
73237
19301
73243
19309
73259
19319
73277
19333
73291
19373
73303
19379
19381
73309
19387
73327
19391
73331
19403
73351
19417
73361
73363
19421
73369
19423
73379
19427
73387
73417
19429
19433
19441
73421
19447
73433
19457
73453
19463
73459
19469
73471
19471
19477
73477
19483
73483
19489
73517
19501
73523
19507
19531
73529
19541
73547
19543
73553
19553
73561
19559
73571
19571
19577
19583
19597
19603
73583
73589
19609
19661
73597
19681
73607
19687
19697
19699
19709
19717
73609
19727
73613
19739
73637
19751
73643
19753
73651
19759
73673
19763
73679
73681
19777
19793
73693
19801
73699
73709
19813
73721
19819
73727
19841
73751
19843
73757
19853
19861
19867
19889
73771
19891
19913
73783
19919
73819
19927
19937
73823
19949
73847
19961
73849
73859
19963
73867
19973
73877
73883
73897
19979
73907
19991
73939
19993
73943
73951
19997
73961
20011
73973
20021
73999
20023
20029
20047
74017
20051
74021
20063
20071
20089
74027
20101
74047
20107
74051
20113
74071
20117
20123
74077
20129
20143
74093
20147
20149
20161
74099
20173
20177
74101
20183
20201
74131
20219
20231
74143
20233
74149
20249
74159
20261
74161
20269
20287
20297
74167
20323
74177
20327
20333
74189
74197
20341
74201
20347
74203
20353
74209
20357
74219
20359
74231
20369
74257
20389
74279
20393
74287
20399
74293
20407
74297
20411
74311
20431
74317
74323
20441
74353
20443
20477
74357
20479
74363
20483
20507
74377
20509
74381
20521
20533
74383
20543
74411
20549
74413
20551
74419
20563
74441
20593
74449
20599
74453
20611
74471
20627
20639
20641
74489
20663
20681
74507
20693
74509
20707
74521
20717
74527
20719
20731
74531
20743
74551
74561
74567
74573
74587
74597
74609
20747
74611
20749
74623
20333
74189
74197
20341
74201
20347
74203
20353
74209
20357
74219
20359
74231
20369
74257
20389
74279
20393
74287
20399
74293
20407
74297
20411
74311
20431
74317
74323
20441
74353
20443
20477
74357
20479
74363
20483
20507
74377
20509
74381
20521
20533
74383
20543
74411
20549
74413
20551
74419
20563
74441
20593
74449
20599
74453
20611
74471
20627
20639
20641
74489
20663
20681
74507
20693
74509
20707
74521
20717
74527
20719
20731
74531
20743
74551
74561
74567
74573
74587
74597
74609
20747
74611
20749
74623
74623
74653
20759
74687
20771
74699
20773
20789
74707
20807
74713
74717
20809
74719
20849
74729
20857
74731
20873
74747
20879
74759
20887
74761
20897
74771
20899
20903
74779
20921
74797
20929
74821
20939
74827
74831
20947
74843
20959
20963
74857
74861
20981
74869
20983
21001
74873
21011
74887
21013
74891
21017
21019
74897
21023
74903
21031
74923
21059
74929
21061
74933
21067
74941
21089
74959
21101
21101
21107
21121
21139
21143
21149
21157
21163
21169
21179
21187
21191
21193
21211
21221
21227
21247
21269
21277
21283
21313
21317
21319
21323
21341
21347
21377
21379
21383
21391
21397
21401
21407
21419
21433
21467
21481
21487
21491
21493
21499
21503
21517
21521
21523
21529
21557
21559
21563
21569
21577
21587
21589
21599
21601
21611
21613
21617
21647
21649
21661
21673
21683
21701
21713
21727
21737
21739
21751
21757
21767
21773
21787
21799
21803
21817
21821
21839
21841
21851
21859
21863
21871
21881
21893
21911
21929
21937
21943
21961
21977
21991
21997
22003
22013
22027
22031
22037
22039
22051
22063
22067
22073
22079
22091
22093
22109
22111
22123
22129
22133
22147
22153
22157
22159
22171
22189
22193
22229
22247
22259
22271
22273
22277
22279
22283
22291
22303
22307
22343
22349
22367
22369
22381
22391
22397
22409
22433
22441
22447
22453
22469
22481
22483
22501
22511
22531
22541
22543
22549
22567
22571
22573
22613
22619
22621
22637
22639
22643
22651
22669
22679
22691
22697
22699
22709
22717
22721
22727
22739
22741
22751
22769
22777
22783
22787
22807
22811
22817
22853
22859
22861
22871
22877
22901
22907
22921
22937
22943
22961
22963
22973
22993
23003
23011
23017
23021
23027
23029
23039
23041
23053
23057
23059
23063
23071
23081
23087
23099
23117
23131
23143
23159
23167
23173
23189
23197
23201
23203
23209
23227
23251
23269
23279
23291
23293
23297
23311
23321
23327
23333
23339
23357
23369
23371
23399
23417
23431
23447
23459
23473
23497
23509
23531
23537
23539
23549
23557
23561
23563
23567
23581
23593
23599
23603
23609
23623
23627
23629
23633
23663
23669
23671
23677
23687
23689
23719
23741
23743
23747
23753
23761
23767
23773
23789
23801
23813
23819
23827
23831
23833
23857
23869
23873
23879
23887
23893
23899
23909
23911
23917
23929
23957
23971
23977
23981
23993
24001
24007
24019
24023
24029
24043
24049
24061
24071
24077
24083
24091
24097
24103
24107
24109
24113
24121
24133
24137
24151
24169
24179
24181
24197
24203
24223
24229
24239
24247
24251
24281
24317
24329
24337
24359
24371
24373
24379
24391
24407
24413
24419
24421
24439
24443
24469
24473
24481
24499
24509
24517
24527
24533
24547
24551
24571
24593
24611
24623
24631
24659
24671
24677
24683
24691
24697
24709
24733
24749
24763
24767
24781
24793
24799
24809
24821
24841
24847
24851
24859
24877
24889
24907
24917
24919
24923
24943
24953
24967
24971
24977
24979
24989
